Year                 Gregorian Calendar                     Julian 
        ============================================       Calendar
           UT        A.S.T.      E.S.T.      P.S.T.           UT

         d  h  m     d  h  m     d  h  m     d  h  m        d  h  m

2007    21 00 07    20 20 07    20 19 07    20 16 07       08 00 07

2008    20 05 48    20 01 48    20 00 48    19 21 48       07 05 48
2009    20 11 44    20 07 44    20 06 44    20 03 44       07 11 44
2010    20 17 32    20 13 32    20 12 32    20 09 32       07 17 32
2011    20 23 21    20 19 21    20 18 21    20 15 21       07 23 21

2012    20 05 14    20 01 14    20 00 14    19 21 14       07 05 14
2013    20 11 02    20 07 02    20 06 02    20 03 02       07 11 02
2014    20 16 57    20 12 57    20 11 57    20 08 57       07 16 57
2015    20 22 45    20 18 45    20 17 45    20 14 45       07 22 45

2016    20 04 30    20 00 30    19 23 30    19 20 30       07 04 30
2017    20 10 28    20 06 28    20 05 28    20 02 28       07 10 28
2018    20 16 15    20 12 15    20 11 15    20 08 15       07 16 15
2019    20 21 58    20 17 58    20 16 58    20 13 58       07 21 58

2020    20 03 49    19 23 49    19 22 49    19 19 49       07 03 49
2021    20 09 37    20 05 37    20 04 37    20 01 37       07 09 37
2022    20 15 33    20 11 33    20 10 33    20 07 33       07 15 33
2023    20 21 24    20 17 24    20 16 24    20 13 24       07 21 24

2024    20 03 06    19 23 06    19 22 06    19 19 06       07 03 06
2025    20 09 01    20 05 01    20 04 01    20 01 01       07 09 01
2026    20 14 45    20 10 45    20 09 45    20 06 45       07 14 45
2027    20 20 24    20 16 24    20 15 24    20 12 24       07 20 24

2028    20 02 16    19 22 16    19 21 16    19 18 16       07 02 16
2029    20 08 01    20 04 01    20 03 01    20 00 01       07 08 01
2030    20 13 51    20 09 51    20 08 51    20 05 51       07 13 51
2031    20 19 40    20 15 40    20 14 40    20 11 40       07 19 40

2032    20 01 21    19 21 21    19 20 21    19 17 21       07 01 21
2033    20 07 22    20 03 22    20 02 22    19 23 22       07 07 22
2034    20 13 17    20 09 17    20 08 17    20 05 17       07 13 17
2035    20 19 02    20 15 02    20 14 02    20 11 02       07 19 02

2036    20 01 02    19 21 02    19 20 02    19 17 02       07 01 02
2037    20 06 49    20 02 49    20 01 49    19 22 49       07 06 49
2038    20 12 40    20 08 40    20 07 40    20 04 40       07 12 40
2039    20 18 31    20 14 31    20 13 31    20 10 31       07 18 31

2040    20 00 11    19 20 11    19 19 11    19 16 11       07 00 11
2041    20 06 06    20 02 06    20 01 06    19 22 06       07 06 06
2042    20 11 52    20 07 52    20 06 52    20 03 52       07 11 52
2043    20 17 27    20 13 27    20 12 27    20 09 27       07 17 27

2044    19 23 19    19 19 19    19 18 19    19 15 19       06 23 19
2045    20 05 07    20 01 07    20 00 07    19 21 07       07 05 07
2046    20 10 57    20 06 57    20 05 57    20 02 57       07 10 57
2047    20 16 52    20 12 52    20 11 52    20 08 52       07 16 52

2048    19 22 33    19 18 33    19 17 33    19 14 33       06 22 33
2049    20 04 27    20 00 27    19 23 27    19 20 27       07 04 27
2050    20 10 18    20 06 18    20 05 18    20 02 18       07 10 18
2051    20 15 58    20 11 58    20 10 58    20 07 58       07 15 58

2052    19 21 55    19 17 55    19 16 55    19 13 55       06 21 55
2053    20 03 46    19 23 46    19 22 46    19 19 46       07 03 46
2054    20 09 33    20 05 33    20 04 33    20 01 33       07 09 33
2055    20 15 27    20 11 27    20 10 27    20 07 27       07 15 27

2056    19 21 10    19 17 10    19 16 10    19 13 10       06 21 10
2057    20 03 07    19 23 07    19 22 07    19 19 07       07 03 07
2058    20 09 04    20 05 04    20 04 04    20 01 04       07 09 04
2059    20 14 43    20 10 43    20 09 43    20 06 43       07 14 43

2060    19 20 37    19 16 37    19 15 37    19 12 37       06 20 37
2061    20 02 25    19 22 25    19 21 25    19 18 25       07 02 25
2062    20 08 06    20 04 06    20 03 06    20 00 06       07 08 06
2063    20 13 58    20 09 58    20 08 58    20 05 58       07 13 58

2064    19 19 37    19 15 37    19 14 37    19 11 37       06 19 37
2065    20 01 27    19 21 27    19 20 27    19 17 27       07 01 27
2066    20 07 19    20 03 19    20 02 19    19 23 19       07 07 19
2067    20 12 52    20 08 52    20 07 52    20 04 52       07 12 52

2068    19 18 48    19 14 48    19 13 48    19 10 48       06 18 48
2069    20 00 44    19 20 44    19 19 44    19 16 44       07 00 44
2070    20 06 34    20 02 34    20 01 34    19 22 34       07 06 34
2071    20 12 33    20 08 33    20 07 33    20 04 33       07 12 33

2072    19 18 20    19 14 20    19 13 20    19 10 20       06 18 20
2073    20 00 12    19 20 12    19 19 12    19 16 12       07 00 12
2074    20 06 08    20 02 08    20 01 08    19 22 08       07 06 08
2075    20 11 45    20 07 45    20 06 45    20 03 45       07 11 45

2076    19 17 37    19 13 37    19 12 37    19 09 37       06 17 37
2077    19 23 30    19 19 30    19 18 30    19 15 30       06 23 30
2078    20 05 09    20 01 09    20 00 09    19 21 09       07 05 09
2079    20 10 59    20 06 59    20 05 59    20 02 59       07 10 59

2080    19 16 43    19 12 43    19 11 43    19 08 43       06 16 43
2081    19 22 33    19 18 33    19 17 33    19 14 33       06 22 33
2082    20 04 29    20 00 29    19 23 29    19 20 29       07 04 29
2083    20 10 09    20 06 09    20 05 09    20 02 09       07 10 09

2084    19 15 58    19 11 58    19 10 58    19 07 58       06 15 58
2085    19 21 52    19 17 52    19 16 52    19 13 52       06 21 52
2086    20 03 34    19 23 34    19 22 34    19 19 34       07 03 34
2087    20 09 27    20 05 27    20 04 27    20 01 27       07 09 27

2088    19 15 16    19 11 16    19 10 16    19 07 16       06 15 16
2089    19 21 05    19 17 05    19 16 05    19 13 05       06 21 05
2090    20 03 01    19 23 01    19 22 01    19 19 01       07 03 01
2091    20 08 41    20 04 41    20 03 41    20 00 41       07 08 41

2092    19 14 32    19 10 32    19 09 32    19 06 32       06 14 32
2093    19 20 33    19 16 33    19 15 33    19 12 33       06 20 33
2094    20 02 20    19 22 20    19 21 20    19 18 20       07 02 20
2095    20 08 14    20 04 14    20 03 14    20 00 14       07 08 14

2096    19 14 02    19 10 02    19 09 02    19 06 02       06 14 02
2097    19 19 47    19 15 47    19 14 47    19 11 47       06 19 47
2098    20 01 39    19 21 39    19 20 39    19 17 39       07 01 39
2099    20 07 17    20 03 17    20 02 17    19 23 17       07 07 17

2100    20 13 03    20 09 03    20 08 03    20 05 03       06 13 03
2101    20 18 55    20 14 55    20 13 55    20 10 55       06 18 55
2102    21 00 35    20 20 35    20 19 35    20 16 35       07 00 35
2103    21 06 22    21 02 22    21 01 22    20 22 22       07 06 22

2104    20 12 13    20 08 13    20 07 13    20 04 13       06 12 13
2105    20 18 05    20 14 05    20 13 05    20 10 05       06 18 05
2106    21 00 03    20 20 03    20 19 03    20 16 03       07 00 03
2107    21 05 49    21 01 49    21 00 49    20 21 49       07 05 49

2108    20 11 38    20 07 38    20 06 38    20 03 38       06 11 38
2109    20 17 35    20 13 35    20 12 35    20 09 35       06 17 35
2110    20 23 21    20 19 21    20 18 21    20 15 21       06 23 21
2111    21 05 10    21 01 10    21 00 10    20 21 10       07 05 10

2112    20 11 02    20 07 02    20 06 02    20 03 02       06 11 02
2113    20 16 50    20 12 50    20 11 50    20 08 50       06 16 50
2114    20 22 38    20 18 38    20 17 38    20 14 38       06 22 38
2115    21 04 21    21 00 21    20 23 21    20 20 21       07 04 21

2116    20 10 08    20 06 08    20 05 08    20 02 08       06 10 08
2117    20 16 05    20 12 05    20 11 05    20 08 05       06 16 05
2118    20 21 52    20 17 52    20 16 52    20 13 52       06 21 52
2119    21 03 38    20 23 38    20 22 38    20 19 38       07 03 38

2120    20 09 28    20 05 28    20 04 28    20 01 28       06 09 28
2121    20 15 15    20 11 15    20 10 15    20 07 15       06 15 15
2122    20 21 03    20 17 03    20 16 03    20 13 03       06 21 03
2123    21 02 48    20 22 48    20 21 48    20 18 48       07 02 48

2124    20 08 34    20 04 34    20 03 34    20 00 34       06 08 34
2125    20 14 28    20 10 28    20 09 28    20 06 28       06 14 28
2126    20 20 14    20 16 14    20 15 14    20 12 14       06 20 14
2127    21 02 02    20 22 02    20 21 02    20 18 02       07 02 02

2128    20 07 57    20 03 57    20 02 57    19 23 57       06 07 57
2129    20 13 54    20 09 54    20 08 54    20 05 54       06 13 54
2130    20 19 48    20 15 48    20 14 48    20 11 48       06 19 48
2131    21 01 36    20 21 36    20 20 36    20 17 36       07 01 36

2132    20 07 23    20 03 23    20 02 23    19 23 23       06 07 23
2133    20 13 14    20 09 14    20 08 14    20 05 14       06 13 14
2134    20 19 00    20 15 00    20 14 00    20 11 00       06 19 00
2135    21 00 44    20 20 44    20 19 44    20 16 44       07 00 44

2136    20 06 32    20 02 32    20 01 32    19 22 32       06 06 32
2137    20 12 20    20 08 20    20 07 20    20 04 20       06 12 20
2138    20 18 03    20 14 03    20 13 03    20 10 03       06 18 03
2139    20 23 47    20 19 47    20 18 47    20 15 47       06 23 47

2140    20 05 36    20 01 36    20 00 36    19 21 36       06 05 36
2141    20 11 31    20 07 31    20 06 31    20 03 31       06 11 31
2142    20 17 23    20 13 23    20 12 23    20 09 23       06 17 23
2143    20 23 10    20 19 10    20 18 10    20 15 10       06 23 10

2144    20 05 00    20 01 00    20 00 00    19 21 00       06 05 00
2145    20 10 56    20 06 56    20 05 56    20 02 56       06 10 56
2146    20 16 42    20 12 42    20 11 42    20 08 42       06 16 42
2147    20 22 31    20 18 31    20 17 31    20 14 31       06 22 31

2148    20 04 22    20 00 22    19 23 22    19 20 22       06 04 22
2149    20 10 12    20 06 12    20 05 12    20 02 12       06 10 12
2150    20 16 01    20 12 01    20 11 01    20 08 01       06 16 01
2151    20 21 46    20 17 46    20 16 46    20 13 46       06 21 46
           
2152    20 03 37    19 23 37    19 22 37    19 19 37       06 03 37
2153    20 09 35    20 05 35    20 04 35    20 01 35       06 09 35
2154    20 15 21    20 11 21    20 10 21    20 07 21       06 15 21
2155    20 21 04    20 17 04    20 16 04    20 13 04       06 21 04

2156    20 02 52    19 22 52    19 21 52    19 18 52       06 02 52
2157    20 08 38    20 04 38    20 03 38    20 00 38       06 08 38
2158    20 14 25    20 10 25    20 09 25    20 06 25       06 14 25
2159    20 20 10    20 16 10    20 15 10    20 12 10       06 20 10

2160    20 01 56    19 21 56    19 20 56    19 17 56       06 01 56
2161    20 07 50    20 03 50    20 02 50    19 23 50       06 07 50
2162    20 13 36    20 09 36    20 08 36    20 05 36       06 13 36
2163    20 19 22    20 15 22    20 14 22    20 11 22       06 19 22

2164    20 01 21    19 21 21    19 20 21    19 17 21       06 01 21
2165    20 07 15    20 03 15    20 02 15    19 23 15       06 07 15
2166    20 13 08    20 09 08    20 08 08    20 05 08       06 13 08
2167    20 18 59    20 14 59    20 13 59    20 10 59       06 18 59

2168    20 00 45    19 20 45    19 19 45    19 16 45       06 00 45
2169    20 06 42    20 02 42    20 01 42    19 22 42       06 06 42
2170    20 12 27    20 08 27    20 07 27    20 04 27       06 12 27
2171    20 18 08    20 14 08    20 13 08    20 10 08       06 18 08

2172    20 00 00    19 20 00    19 19 00    19 16 00       06 00 00
2173    20 05 43    20 01 43    20 00 43    19 21 43       06 05 43
2174    20 11 26    20 07 26    20 06 26    20 03 26       06 11 26
2175    20 17 15    20 13 15    20 12 15    20 09 15       06 17 15

2176    19 23 01    19 19 01    19 18 01    19 15 01       05 23 01
2177    20 05 01    20 01 01    20 00 01    19 21 01       06 05 01
2178    20 10 48    20 06 48    20 05 48    20 02 48       06 10 48
2179    20 16 30    20 12 30    20 11 30    20 08 30       06 16 30

2180    19 22 26    19 18 26    19 17 26    19 14 26       05 22 26
2181    20 04 14    20 00 14    19 23 14    19 20 14       06 04 14
2182    20 10 02    20 06 02    20 05 02    20 02 02       06 10 02
2183    20 15 55    20 11 55    20 10 55    20 07 55       06 15 55

2184    19 21 41    19 17 41    19 16 41    19 13 41       05 21 41
2185    20 03 38    19 23 38    19 22 38    19 19 38       06 03 38
2186    20 09 26    20 05 26    20 04 26    20 01 26       06 09 26
2187    20 15 08    20 11 08    20 10 08    20 07 08       06 15 08

2188    19 21 08    19 17 08    19 16 08    19 13 08       05 21 08
2189    20 02 59    19 22 59    19 21 59    19 18 59       06 02 59
2190    20 08 43    20 04 43    20 03 43    20 00 43       06 08 43
2191    20 14 34    20 10 34    20 09 34    20 06 34       06 14 34
                  
2192    19 20 15    19 16 15    19 15 15    19 12 15       05 20 15
2193    20 02 06    19 22 06    19 21 06    19 18 06       06 02 06
2194    20 07 54    20 03 54    20 02 54    19 23 54       06 07 54
2195    20 13 31    20 09 31    20 08 31    20 05 31       06 13 31
            
2196    19 19 26    19 15 26    19 14 26    19 11 26       05 19 26
2197    20 01 12    19 21 12    19 20 12    19 17 12       06 01 12
2198    20 06 53    20 02 53    20 01 53    19 22 53       06 06 53
2199    20 12 50    20 08 50    20 07 50    20 04 50       06 12 50

2200    20 18 40    20 14 40    20 13 40    20 10 40       05 18 40
2201    21 00 40    20 20 40    20 19 40    20 16 40       06 00 40
2202    21 06 36    21 02 36    21 01 36    20 22 36       06 06 36
2203    21 12 15    21 08 15    21 07 15    21 04 15       06 12 15

2204    20 18 13    20 14 13    20 13 13    20 10 13       05 18 13
2205    21 00 04    20 20 04    20 19 04    20 16 04       06 00 04
2206    21 05 44    21 01 44    21 00 44    20 21 44       06 05 44
2207    21 11 38    21 07 38    21 06 38    21 03 38       06 11 38

2208    20 17 20    20 13 20    20 12 20    20 09 20       05 17 20
2209    20 23 10    20 19 10    20 18 10    20 15 10       05 23 10
2210    21 04 59    21 00 59    20 23 59    20 20 59       06 04 59
2211    21 10 38    21 06 38    21 05 38    21 02 38       06 10 38

2212    20 16 36    20 12 36    20 11 36    20 08 36       05 16 36
2213    20 22 29    20 18 29    20 17 29    20 14 29       05 22 29
2214    21 04 08    21 00 08    20 23 08    20 20 08       06 04 08
2215    21 10 01    21 06 01    21 05 01    21 02 01       06 10 01

2216    20 15 46    20 11 46    20 10 46    20 07 46       05 15 46
2217    20 21 37    20 17 37    20 16 37    20 13 37       05 21 37
2218    21 03 31    20 23 31    20 22 31    20 19 31       06 03 31
2219    21 09 11    21 05 11    21 04 11    21 01 11       06 09 11

2220    20 15 06    20 11 06    20 10 06    20 07 06       05 15 06
2221    20 21 00    20 17 00    20 16 00    20 13 00       05 21 00
2222    21 02 39    20 22 39    20 21 39    20 18 39       06 02 39
2223    21 08 37    21 04 37    21 03 37    21 00 37       06 08 37

2224    20 14 31    20 10 31    20 09 31    20 06 31       05 14 31
2225    20 20 22    20 16 22    20 15 22    20 12 22       05 20 22
2226    21 02 17    20 22 17    20 21 17    20 18 17       06 02 17
2227    21 07 55    21 03 55    21 02 55    20 23 55       06 07 55

2228    20 13 45    20 09 45    20 08 45    20 05 45       05 13 45
2229    20 19 38    20 15 38    20 14 38    20 11 38       05 19 38
2230    21 01 13    20 21 13    20 20 13    20 17 13       06 01 13
2231    21 07 04    21 03 04    21 02 04    20 23 04       06 07 04

2232    20 12 50    20 08 50    20 07 50    20 04 50       05 12 50
2233    20 18 34    20 14 34    20 13 34    20 10 34       05 18 34
2234    21 00 27    20 20 27    20 19 27    20 16 27       06 00 27
2235    21 06 10    21 02 10    21 01 10    20 22 10       06 06 10

2236    20 12 07    20 08 07    20 07 07    20 04 07       05 12 07
2237    20 18 07    20 14 07    20 13 07    20 10 07       05 18 07
2238    20 23 47    20 19 47    20 18 47    20 15 47       05 23 47
2239    21 05 41    21 01 41    21 00 41    20 21 41       06 05 41

2240    20 11 33    20 07 33    20 06 33    20 03 33       05 11 33
2241    20 17 22    20 13 22    20 12 22    20 09 22       05 17 22
2242    20 23 17    20 19 17    20 18 17    20 15 17       05 23 17
2243    21 04 59    21 00 59    20 23 59    20 20 59       06 04 59

2244    20 10 48    20 06 48    20 05 48    20 02 48       05 10 48
2245    20 16 41    20 12 41    20 11 41    20 08 41       05 16 41
2246    20 22 18    20 18 18    20 17 18    20 14 18       05 22 18
2247    21 04 11    21 00 11    20 23 11    20 20 11       06 04 11

2248    20 10 06    20 06 06    20 05 06    20 02 06       05 10 06
2249    20 15 52    20 11 52    20 10 52    20 07 52       05 15 52
2250    20 21 42    20 17 42    20 16 42    20 13 42       05 21 42
2251    21 03 23    20 23 23    20 22 23    20 19 23       06 03 23

2252    20 09 10    20 05 10    20 04 10    20 01 10       05 09 10
2253    20 15 05    20 11 05    20 10 05    20 07 05       05 15 05
2254    20 20 44    20 16 44    20 15 44    20 12 44       05 20 44
2255    21 02 33    20 22 33    20 21 33    20 18 33       06 02 33

2256    20 08 29    20 04 29    20 03 29    20 00 29       05 08 29
2257    20 14 14    20 10 14    20 09 14    20 06 14       05 14 14
2258    20 20 09    20 16 09    20 15 09    20 12 09       05 20 09
2259    21 02 00    20 22 00    20 21 00    20 18 00       06 02 00

2260    20 07 55    20 03 55    20 02 55    19 23 55       05 07 55
2261    20 13 54    20 09 54    20 08 54    20 05 54       05 13 54
2262    20 19 35    20 15 35    20 14 35    20 11 35       05 19 35
2263    21 01 22    20 21 22    20 20 22    20 17 22       06 01 22

2264    20 07 16    20 03 16    20 02 16    19 23 16       05 07 16
2265    20 12 59    20 08 59    20 07 59    20 04 59       05 12 59
2266    20 18 47    20 14 47    20 13 47    20 10 47       05 18 47
2267    21 00 30    20 20 30    20 19 30    20 16 30       06 00 30

2268    20 06 14    20 02 14    20 01 14    19 22 14       05 06 14
2269    20 12 05    20 08 05    20 07 05    20 04 05       05 12 05
2270    20 17 46    20 13 46    20 12 46    20 09 46       05 17 46
2271    20 23 36    20 19 36    20 18 36    20 15 36       05 23 36

2272    20 05 34    20 01 34    20 00 34    19 21 34       05 05 34
2273    20 11 25    20 07 25    20 06 25    20 03 25       05 11 25
2274    20 17 14    20 13 14    20 12 14    20 09 14       05 17 14
2275    20 23 04    20 19 04    20 18 04    20 15 04       05 23 04

2276    20 04 54    20 00 54    19 23 54    19 20 54       05 04 54
2277    20 10 49    20 06 49    20 05 49    20 02 49       05 10 49
2278    20 16 34    20 12 34    20 11 34    20 08 34       05 16 34
2279    20 22 20    20 18 20    20 17 20    20 14 20       05 22 20

2280    20 04 14    20 00 14    19 23 14    19 20 14       05 04 14
2281    20 10 01    20 06 01    20 05 01    20 02 01       05 10 01
2282    20 15 49    20 11 49    20 10 49    20 07 49       05 15 49
2283    20 21 41    20 17 41    20 16 41    20 13 41       05 21 41

2284    20 03 32    19 23 32    19 22 32    19 19 32       05 03 32
2285    20 09 22    20 05 22    20 04 22    20 01 22       05 09 22
2286    20 15 03    20 11 03    20 10 03    20 07 03       05 15 03
2287    20 20 46    20 16 46    20 15 46    20 12 46       05 20 46
            
2288    20 02 39    19 22 39    19 21 39    19 18 39       05 02 39
2289    20 08 26    20 04 26    20 03 26    20 00 26       05 08 26
2290    20 14 11    20 10 11    20 09 11    20 06 11       05 14 11
2291    20 20 00    20 16 00    20 15 00    20 12 00       05 20 00

2292    20 01 49    19 21 49    19 20 49    19 17 49       05 01 49
2293    20 07 40    20 03 40    20 02 40    19 23 40       05 07 40
2294    20 13 29    20 09 29    20 08 29    20 05 29       05 13 29
2295    20 19 22    20 15 22    20 14 22    20 11 22       05 19 22

2296    20 01 21    19 21 21    19 20 21    19 17 21       05 01 21
2297    20 07 14    20 03 14    20 02 14    19 23 14       05 07 14
2298    20 13 00    20 09 00    20 08 00    20 05 00       05 13 00
2299    20 18 49    20 14 49    20 13 49    20 10 49       05 18 49

2300    21 00 40    20 20 40    20 19 40    20 16 40       05 00 40
2301    21 06 26    21 02 26    21 01 26    20 22 26       05 06 26
2302    21 12 10    21 08 10    21 07 10    21 04 10       05 12 10
2303    21 17 54    21 13 54    21 12 54    21 09 54       05 17 54

2304    20 23 40    20 19 40    20 18 40    20 15 40       04 23 40
2305    21 05 30    21 01 30    21 00 30    20 21 30       05 05 30
2306    21 11 14    21 07 14    21 06 14    21 03 14       05 11 14
2307    21 17 06    21 13 06    21 12 06    21 09 06       05 17 06

2308    20 23 02    20 19 02    20 18 02    20 15 02       04 23 02
2309    21 04 49    21 00 49    20 23 49    20 20 49       05 04 49
2310    21 10 35    21 06 35    21 05 35    21 02 35       05 10 35
2311    21 16 24    21 12 24    21 11 24    21 08 24       05 16 24

2312    20 22 15    20 18 15    20 17 15    20 14 15       04 22 15
2313    21 04 09    21 00 09    20 23 09    20 20 09       05 04 09
2314    21 09 55    21 05 55    21 04 55    21 01 55       05 09 55
2315    21 15 43    21 11 43    21 10 43    21 07 43       05 15 43

2316    20 21 38    20 17 38    20 16 38    20 13 38       04 21 38
2317    21 03 24    20 23 24    20 22 24    20 19 24       05 03 24
2318    21 09 13    21 05 13    21 04 13    21 01 13       05 09 13
2319    21 15 06    21 11 06    21 10 06    21 07 06       05 15 06

2320    20 20 57    20 16 57    20 15 57    20 12 57       04 20 57
2321    21 02 48    20 22 48    20 21 48    20 18 48       05 02 48
2322    21 08 31    21 04 31    21 03 31    21 00 31       05 08 31
2323    21 14 14    21 10 14    21 09 14    21 06 14       05 14 14

2324    20 20 08    20 16 08    20 15 08    20 12 08       04 20 08
2325    21 01 52    20 21 52    20 20 52    20 17 52       05 01 52
2326    21 07 34    21 03 34    21 02 34    20 23 34       05 07 34
2327    21 13 23    21 09 23    21 08 23    21 05 23       05 13 23

2328    20 19 09    20 15 09    20 14 09    20 11 09       04 19 09
2329    21 01 02    20 21 02    20 20 02    20 17 02       05 01 02
2330    21 06 53    21 02 53    21 01 53    20 22 53       05 06 53
2331    21 12 44    21 08 44    21 07 44    21 04 44       05 12 44

2332    20 18 46    20 14 46    20 13 46    20 10 46       04 18 46
2333    21 00 34    20 20 34    20 19 34    20 16 34       05 00 34
2334    21 06 18    21 02 18    21 01 18    20 22 18       05 06 18
2335    21 12 13    21 08 13    21 07 13    21 04 13       05 12 13

2336    20 18 00    20 14 00    20 13 00    20 10 00       04 18 00
2337    20 23 51    20 19 51    20 18 51    20 15 51       04 23 51
2338    21 05 37    21 01 37    21 00 37    20 21 37       05 05 37
2339    21 11 17    21 07 17    21 06 17    21 03 17       05 11 17

2340    20 17 12    20 13 12    20 12 12    20 09 12       04 17 12
2341    20 22 57    20 18 57    20 17 57    20 14 57       04 22 57
2342    21 04 39    21 00 39    20 23 39    20 20 39       05 04 39
2343    21 10 36    21 06 36    21 05 36    21 02 36       05 10 36

2344    20 16 23    20 12 23    20 11 23    20 08 23       04 16 23
2345    20 22 12    20 18 12    20 17 12    20 14 12       04 22 12
2346    21 04 00    21 00 00    20 23 00    20 20 00       05 04 00
2347    21 09 42    21 05 42    21 04 42    21 01 42       05 09 42

2348    20 15 41    20 11 41    20 10 41    20 07 41       04 15 41
2349    20 21 29    20 17 29    20 16 29    20 13 29       04 21 29
2350    21 03 10    20 23 10    20 22 10    20 19 10       05 03 10
2351    21 09 06    21 05 06    21 04 06    21 01 06       05 09 06

2352    20 14 55    20 10 55    20 09 55    20 06 55       04 14 55
2353    20 20 46    20 16 46    20 15 46    20 12 46       04 20 46
2354    21 02 42    20 22 42    20 21 42    20 18 42       05 02 42
2355    21 08 30    21 04 30    21 03 30    21 00 30       05 08 30

2356    20 14 28    20 10 28    20 09 28    20 06 28       04 14 28
2357    20 20 16    20 16 16    20 15 16    20 12 16       04 20 16
2358    21 01 52    20 21 52    20 20 52    20 17 52       05 01 52
2359    21 07 45    21 03 45    21 02 45    20 23 45       05 07 45

2360    20 13 31    20 09 31    20 08 31    20 05 31       04 13 31
2361    20 19 14    20 15 14    20 14 14    20 11 14       04 19 14
2362    21 01 04    20 21 04    20 20 04    20 17 04       05 01 04
2363    21 06 42    21 02 42    21 01 42    20 22 42       05 06 42

2364    20 12 36    20 08 36    20 07 36    20 04 36       04 12 36
2365    20 18 27    20 14 27    20 13 27    20 10 27       04 18 27
2366    21 00 09    20 20 09    20 19 09    20 16 09       05 00 09
2367    21 06 11    21 02 11    21 01 11    20 22 11       05 06 11

2368    20 12 03    20 08 03    20 07 03    20 04 03       04 12 03
2369    20 17 50    20 13 50    20 12 50    20 09 50       04 17 50
2370    20 23 45    20 19 45    20 18 45    20 15 45       04 23 45
2371    21 05 30    21 01 30    21 00 30    20 21 30       05 05 30

2372    20 11 26    20 07 26    20 06 26    20 03 26       04 11 26
2373    20 17 18    20 13 18    20 12 18    20 09 18       04 17 18
2374    20 22 54    20 18 54    20 17 54    20 14 54       04 22 54
2375    21 04 47    21 00 47    20 23 47    20 20 47       05 04 47

2376    20 10 35    20 06 35    20 05 35    20 02 35       04 10 35
2377    20 16 18    20 12 18    20 11 18    20 08 18       04 16 18
2378    20 22 14    20 18 14    20 17 14    20 14 14       04 22 14
2379    21 04 00    21 00 00    20 23 00    20 20 00       05 04 00

2380    20 09 51    20 05 51    20 04 51    20 01 51       04 09 51
2381    20 15 42    20 11 42    20 10 42    20 07 42       04 15 42
2382    20 21 17    20 17 17    20 16 17    20 13 17       04 21 17
2383    21 03 10    20 23 10    20 22 10    20 19 10       05 03 10

2384    20 09 02    20 05 02    20 04 02    20 01 02       04 09 02
2385    20 14 43    20 10 43    20 09 43    20 06 43       04 14 43
2386    20 20 38    20 16 38    20 15 38    20 12 38       04 20 38
2387    21 02 24    20 22 24    20 21 24    20 18 24       05 02 24

2388    20 08 18    20 04 18    20 03 18    20 00 18       04 08 18
2389    20 14 16    20 10 16    20 09 16    20 06 16       04 14 16
2390    20 20 00    20 16 00    20 15 00    20 12 00       04 20 00
2391    21 01 58    20 21 58    20 20 58    20 17 58       05 01 58

2392    20 07 53    20 03 53    20 02 53    19 23 53       04 07 53
2393    20 13 31    20 09 31    20 08 31    20 05 31       04 13 31
2394    20 19 24    20 15 24    20 14 24    20 11 24       04 19 24
2395    21 01 09    20 21 09    20 20 09    20 17 09       05 01 09

2396    20 06 56    20 02 56    20 01 56    19 22 56       04 06 56
2397    20 12 47    20 08 47    20 07 47    20 04 47       04 12 47
2398    20 18 21    20 14 21    20 13 21    20 10 21       04 18 21
2399    21 00 10    20 20 10    20 19 10    20 16 10       05 00 10

2400    20 06 02    20 02 02    20 01 02    19 22 02       04 06 02
2401    20 11 44    20 07 44    20 06 44    20 03 44       04 11 44
2402    20 17 41    20 13 41    20 12 41    20 09 41       04 17 41
2403    20 23 33    20 19 33    20 18 33    20 15 33       04 23 33

2404    20 05 24    20 01 24    20 00 24    19 21 24       04 05 24
2405    20 11 19    20 07 19    20 06 19    20 03 19       04 11 19
2406    20 17 01    20 13 01    20 12 01    20 09 01       04 17 01
2407    20 22 53    20 18 53    20 17 53    20 14 53       04 22 53

2408    20 04 50    20 00 50    19 23 50    19 20 50       04 04 50
2409    20 10 31    20 06 31    20 05 31    20 02 31       04 10 31
2410    20 16 21    20 12 21    20 11 21    20 08 21       04 16 21
2411    20 22 11    20 18 11    20 17 11    20 14 11       04 22 11

2412    20 03 58    19 23 58    19 22 58    19 19 58       04 03 58
2413    20 09 53    20 05 53    20 04 53    20 01 53       04 09 53
2414    20 15 38    20 11 38    20 10 38    20 07 38       04 15 38
2415    20 21 27    20 17 27    20 16 27    20 13 27       04 21 27

2416    20 03 22    19 23 22    19 22 22    19 19 22       04 03 22
2417    20 08 59    20 04 59    20 03 59    20 00 59       04 08 59
2418    20 14 46    20 10 46    20 09 46    20 06 46       04 14 46
2419    20 20 37    20 16 37    20 15 37    20 12 37       04 20 37

2420    20 02 23    19 22 23    19 21 23    19 18 23       04 02 23
2421    20 08 15    20 04 15    20 03 15    20 00 15       04 08 15
2422    20 13 57    20 09 57    20 08 57    20 05 57       04 13 57
2423    20 19 45    20 15 45    20 14 45    20 11 45       04 19 45

2424    20 01 43    19 21 43    19 20 43    19 17 43       04 01 43
2425    20 07 30    20 03 30    20 02 30    19 23 30       04 07 30
2426    20 13 25    20 09 25    20 08 25    20 05 25       04 13 25
2427    20 19 22    20 15 22    20 14 22    20 11 22       04 19 22

2428    20 01 11    19 21 11    19 20 11    19 17 11       04 01 11
2429    20 07 02    20 03 02    20 02 02    19 23 02       04 07 02
2430    20 12 45    20 08 45    20 07 45    20 04 45       04 12 45
2431    20 18 33    20 14 33    20 13 33    20 10 33       04 18 33

2432    20 00 26    19 20 26    19 19 26    19 16 26       04 00 26
2433    20 06 06    20 02 06    20 01 06    19 22 06       04 06 06
2434    20 11 50    20 07 50    20 06 50    20 03 50       04 11 50
2435    20 17 40    20 13 40    20 12 40    20 09 40       04 17 40

2436    19 23 27    19 19 27    19 18 27    19 15 27       03 23 27
2437    20 05 18    20 01 18    20 00 18    19 21 18       04 05 18
2438    20 11 07    20 07 07    20 06 07    20 03 07       04 11 07
2439    20 16 56    20 12 56    20 11 56    20 08 56       04 16 56

2440    19 22 50    19 18 50    19 17 50    19 14 50       03 22 50
2441    20 04 35    20 00 35    19 23 35    19 20 35       04 04 35
2442    20 10 22    20 06 22    20 05 22    20 02 22       04 10 22
2443    20 16 17    20 12 17    20 11 17    20 08 17       04 16 17

2444    19 22 09    19 18 09    19 17 09    19 14 09       03 22 09
2445    20 03 56    19 23 56    19 22 56    19 19 56       04 03 56
2446    20 09 45    20 05 45    20 04 45    20 01 45       04 09 45
2447    20 15 32    20 11 32    20 10 32    20 07 32       04 15 32

2448    19 21 27    19 17 27    19 16 27    19 13 27       03 21 27
2449    20 03 17    19 23 17    19 22 17    19 19 17       04 03 17
2450    20 09 05    20 05 05    20 04 05    20 01 05       04 09 05
2451    20 14 59    20 10 59    20 09 59    20 06 59       04 14 59

2452    19 20 47    19 16 47    19 15 47    19 12 47       03 20 47
2453    20 02 30    19 22 30    19 21 30    19 18 30       04 02 30
2454    20 08 15    20 04 15    20 03 15    20 00 15       04 08 15
2455    20 14 01    20 10 01    20 09 01    20 06 01       04 14 01

2456    19 19 50    19 15 50    19 14 50    19 11 50       03 19 50
2457    20 01 34    19 21 34    19 20 34    19 17 34       04 01 34
2458    20 07 18    20 03 18    20 02 18    19 23 18       04 07 18
2459    20 13 09    20 09 09    20 08 09    20 05 09       04 13 09

2460    19 19 04    19 15 04    19 14 04    19 11 04       03 19 04
2461    20 00 56    19 20 56    19 19 56    19 16 56       04 00 56
2462    20 06 49    20 02 49    20 01 49    19 22 49       04 06 49
2463    20 12 44    20 08 44    20 07 44    20 04 44       04 12 44

2464    19 18 34    19 14 34    19 13 34    19 10 34       03 18 34
2465    20 00 22    19 20 22    19 19 22    19 16 22       04 00 22
2466    20 06 10    20 02 10    20 01 10    19 22 10       04 06 10
2467    20 12 01    20 08 01    20 07 01    20 04 01       04 12 01

2468    19 17 53    19 13 53    19 12 53    19 09 53       03 17 53
2469    19 23 35    19 19 35    19 18 35    19 15 35       03 23 35
2470    20 05 19    20 01 19    20 00 19    19 21 19       04 05 19
2471    20 11 07    20 07 07    20 06 07    20 03 07       04 11 07

2472    19 16 55    19 12 55    19 11 55    19 08 55       03 16 55
2473    19 22 44    19 18 44    19 17 44    19 14 44       03 22 44
2474    20 04 33    20 00 33    19 23 33    19 20 33       04 04 33
2475    20 10 22    20 06 22    20 05 22    20 02 22       04 10 22

2476    19 16 15    19 12 15    19 11 15    19 08 15       03 16 15
2477    19 21 58    19 17 58    19 16 58    19 13 58       03 21 58
2478    20 03 46    19 23 46    19 22 46    19 19 46       04 03 46
2479    20 09 40    20 05 40    20 04 40    20 01 40       04 09 40

2480    19 15 29    19 11 29    19 10 29    19 07 29       03 15 29
2481    19 21 17    19 17 17    19 16 17    19 13 17       03 21 17
2482    20 03 06    19 23 06    19 22 06    19 19 06       04 03 06
2483    20 08 56    20 04 56    20 03 56    20 00 56       04 08 56

2484    19 14 55    19 10 55    19 09 55    19 06 55       03 14 55
2485    19 20 45    19 16 45    19 15 45    19 12 45       03 20 45
2486    20 02 33    19 22 33    19 21 33    19 18 33       04 02 33
2487    20 08 27    20 04 27    20 03 27    20 00 27       04 08 27

2488    19 14 11    19 10 11    19 09 11    19 06 11       03 14 11
2489    19 19 54    19 15 54    19 14 54    19 11 54       03 19 54
2490    20 01 41    19 21 41    19 20 41    19 17 41       04 01 41
2491    20 07 26    20 03 26    20 02 26    19 23 26       04 07 26

2492    19 13 17    19 09 17    19 08 17    19 05 17       03 13 17
2493    19 19 01    19 15 01    19 14 01    19 11 01       03 19 01
2494    20 00 41    19 20 41    19 19 41    19 16 41       04 00 41
2495    20 06 38    20 02 38    20 01 38    19 22 38       04 06 38

2496    19 12 28    19 08 28    19 07 28    19 04 28       03 12 28
2497    19 18 18    19 14 18    19 13 18    19 10 18       03 18 18
2498    20 00 14    19 20 14    19 19 14    19 16 14       04 00 14
2499    20 06 03    20 02 03    20 01 03    19 22 03       04 06 03

2500    20 11 59    20 07 59    20 06 59    20 03 59       03 11 59
2501    20 17 48    20 13 48    20 12 48    20 09 48       03 17 48
2502    20 23 31    20 19 31    20 18 31    20 15 31       03 23 31
2503    21 05 29    21 01 29    21 00 29    20 21 29       04 05 29

2504    20 11 15    20 07 15    20 06 15    20 03 15       03 11 15
2505    20 16 56    20 12 56    20 11 56    20 08 56       03 16 56
2506    20 22 47    20 18 47    20 17 47    20 14 47       03 22 47
2507    21 04 31    21 00 31    20 23 31    20 20 31       04 04 31
                              
2508    20 10 26    20 06 26    20 05 26    20 02 26       03 10 26
2509    20 16 16    20 12 16    20 11 16    20 08 16       03 16 16
2510    20 21 58    20 17 58    20 16 58    20 13 58       03 21 58
2511    21 03 53    20 23 53    20 22 53    20 19 53       04 03 53

2512    20 09 39    20 05 39    20 04 39    20 01 39       03 09 39
2513    20 15 19    20 11 19    20 10 19    20 07 19       03 15 19
2514    20 21 13    20 17 13    20 16 13    20 13 13       03 21 13
2515    21 02 59    20 22 59    20 21 59    20 18 59       04 02 59

2516    20 08 51    20 04 51    20 03 51    20 00 51       03 08 51
2517    20 14 42    20 10 42    20 09 42    20 06 42       03 14 42
2518    20 20 23    20 16 23    20 15 23    20 12 23       03 20 23
2519    21 02 23    20 22 23    20 21 23    20 18 23       04 02 23

2520    20 08 18    20 04 18    20 03 18    20 00 18       03 08 18
2521    20 14 03    20 10 03    20 09 03    20 06 03       03 14 03
2522    20 20 01    20 16 01    20 15 01    20 12 01       03 20 01
2523    21 01 48    20 21 48    20 20 48    20 17 48       04 01 48

2524    20 07 35    20 03 35    20 02 35    19 23 35       03 07 35
2525    20 13 26    20 09 26    20 08 26    20 05 26       03 13 26
2526    20 19 04    20 15 04    20 14 04    20 11 04       03 19 04
2527    21 00 58    20 20 58    20 19 58    20 16 58       04 00 58

2528    20 06 45    20 02 45    20 01 45    19 22 45       03 06 45
2529    20 12 20    20 08 20    20 07 20    20 04 20       03 12 20
2530    20 18 13    20 14 13    20 13 13    20 10 13       03 18 13
2531    21 00 01    20 20 01    20 19 01    20 16 01       04 00 01

2532    20 05 52    20 01 52    20 00 52    19 21 52       03 05 52
2533    20 11 49    20 07 49    20 06 49    20 03 49       03 11 49
2534    20 17 32    20 13 32    20 12 32    20 09 32       03 17 32
2535    20 23 28    20 19 28    20 18 28    20 15 28       03 23 28

2536    20 05 21    20 01 21    20 00 21    19 21 21       03 05 21
2537    20 11 01    20 07 01    20 06 01    20 03 01       03 11 01
2538    20 16 58    20 12 58    20 11 58    20 08 58       03 16 58
2539    20 22 48    20 18 48    20 17 48    20 14 48       03 22 48

2540    20 04 37    20 00 37    19 23 37    19 20 37       03 04 37
2541    20 10 27    20 06 27    20 05 27    20 02 27       03 10 27
2542    20 16 08    20 12 08    20 11 08    20 08 08       03 16 08
2543    20 22 02    20 18 02    20 17 02    20 14 02       03 22 02

2544    20 03 58    19 23 58    19 22 58    19 19 58       03 03 58
2545    20 09 37    20 05 37    20 04 37    20 01 37       03 09 37
2546    20 15 30    20 11 30    20 10 30    20 07 30       03 15 30
2547    20 21 18    20 17 18    20 16 18    20 13 18       03 21 18
